[
  {
    "scene_id": 0,
    "world": {
      "background_hdri": "assets/hdri/studio.exr",
      "lighting": {
        "intensity": 216.54355768048748,
        "color": [
          1.0,
          1.0,
          1.0
        ],
        "radius": 0.0
      },
      "texture_path": "assets/textures/white.png",
      "texture_scale": 1.0,
      "texture_rotation": 3.8603562095696184,
      "use_nodes": true
    },
    "objects": [
      {
        "type": "TAG",
        "name": "Tag_0",
        "location": [
          -0.125,
          -0.125,
          0.002
        ],
        "rotation_euler": [
          0.0,
          0.0,
          0.0
        ],
        "scale": [
          1.0,
          1.0,
          1.0
        ],
        "properties": {
          "tag_id": 0,
          "tag_family": "tag36h11",
          "tag_size": 0.1,
          "texture_base_path": null
        },
        "material": null,
        "texture_path": null
      },
      {
        "type": "TAG",
        "name": "Tag_1",
        "location": [
          0.0,
          -0.125,
          0.002
        ],
        "rotation_euler": [
          0.0,
          0.0,
          0.0
        ],
        "scale": [
          1.0,
          1.0,
          1.0
        ],
        "properties": {
          "tag_id": 1,
          "tag_family": "tag36h11",
          "tag_size": 0.1,
          "texture_base_path": null
        },
        "material": null,
        "texture_path": null
      },
      {
        "type": "BOARD",
        "name": "Board_Background",
        "location": [
          0.0,
          0.0,
          -0.005
        ],
        "rotation_euler": [
          0.0,
          0.0,
          0.0
        ],
        "scale": [
          1.0,
          1.0,
          1.0
        ],
        "properties": {
          "mode": "plain",
          "cols": 3,
          "rows": 3,
          "tag_size": 0.1,
          "square_size": 0.125
        },
        "material": null,
        "texture_path": null
      }
    ],
    "cameras": [
      {
        "transform_matrix": [
          [
            -0.8073926649030595,
            0.26106713567889794,
            -0.5291134427787217,
            -0.46350392725203365
          ],
          [
            -0.5900144783484009,
            -0.3572517253888932,
            0.7240539482980001,
            0.6342720132302793
          ],
          [
            0.0,
            0.8967804387781183,
            0.4424758124744507,
            0.38760927282225904
          ],
          [
            0.0,
            0.0,
            0.0,
            1.0
          ]
        ],
        "intrinsics": {
          "resolution": [
            640,
            480
          ],
          "fov": 60.0,
          "intrinsics": {
            "k_matrix": null,
            "focal_length_x": null,
            "focal_length_y": null,
            "focal_length": null,
            "principal_point_x": null,
            "principal_point_y": null,
            "sensor_width_mm": null,
            "focal_length_mm": null,
            "k1": 0.0,
            "k2": 0.0,
            "k3": 0.0,
            "p1": 0.0,
            "p2": 0.0
          }
        },
        "velocity": null,
        "shutter_time_ms": 10.0,
        "fstop": null,
        "focus_distance": null,
        "iso_noise": 0.0,
        "sensor_noise": null
      },
      {
        "transform_matrix": [
          [
            0.7077815487952146,
            -0.35483024723511886,
            0.6108524984250385,
            0.8890125316480793
          ],
          [
            0.7064313690550889,
            0.3555084229673793,
            -0.6120200013187476,
            -0.8907116729398293
          ],
          [
            -0.0,
            0.864701831180154,
            0.5022855195540566,
            0.7310080952443221
          ],
          [
            0.0,
            0.0,
            0.0,
            1.0
          ]
        ],
        "intrinsics": {
          "resolution": [
            640,
            480
          ],
          "fov": 60.0,
          "intrinsics": {
            "k_matrix": null,
            "focal_length_x": null,
            "focal_length_y": null,
            "focal_length": null,
            "principal_point_x": null,
            "principal_point_y": null,
            "sensor_width_mm": null,
            "focal_length_mm": null,
            "k1": 0.0,
            "k2": 0.0,
            "k3": 0.0,
            "p1": 0.0,
            "p2": 0.0
          }
        },
        "velocity": null,
        "shutter_time_ms": 10.0,
        "fstop": null,
        "focus_distance": null,
        "iso_noise": 0.0,
        "sensor_noise": null
      },
      {
        "transform_matrix": [
          [
            -0.17141116540453769,
            0.34473414168368355,
            -0.9229174307229613,
            -1.358145837769321
          ],
          [
            -0.9851995799708089,
            -0.059978995304163715,
            0.16057492876425286,
            0.2362986805660832
          ],
          [
            0.0,
            0.9367822007702308,
            0.34991300107324236,
            0.5149245969021579
          ],
          [
            0.0,
            0.0,
            0.0,
            1.0
          ]
        ],
        "intrinsics": {
          "resolution": [
            640,
            480
          ],
          "fov": 60.0,
          "intrinsics": {
            "k_matrix": null,
            "focal_length_x": null,
            "focal_length_y": null,
            "focal_length": null,
            "principal_point_x": null,
            "principal_point_y": null,
            "sensor_width_mm": null,
            "focal_length_mm": null,
            "k1": 0.0,
            "k2": 0.0,
            "k3": 0.0,
            "p1": 0.0,
            "p2": 0.0
          }
        },
        "velocity": null,
        "shutter_time_ms": 10.0,
        "fstop": null,
        "focus_distance": null,
        "iso_noise": 0.0,
        "sensor_noise": null
      },
      {
        "transform_matrix": [
          [
            -0.8399502291443698,
            0.2096713825369111,
            -0.5005212522015234,
            -0.32972979616238257
          ],
          [
            -0.5426634431766348,
            -0.3245354519846862,
            0.7747213226991849,
            0.5103653495084821
          ],
          [
            0.0,
            0.9223419386269691,
            0.3863746216430943,
            0.2545330985973814
          ],
          [
            0.0,
            0.0,
            0.0,
            1.0
          ]
        ],
        "intrinsics": {
          "resolution": [
            640,
            480
          ],
          "fov": 60.0,
          "intrinsics": {
            "k_matrix": null,
            "focal_length_x": null,
            "focal_length_y": null,
            "focal_length": null,
            "principal_point_x": null,
            "principal_point_y": null,
            "sensor_width_mm": null,
            "focal_length_mm": null,
            "k1": 0.0,
            "k2": 0.0,
            "k3": 0.0,
            "p1": 0.0,
            "p2": 0.0
          }
        },
        "velocity": null,
        "shutter_time_ms": 10.0,
        "fstop": null,
        "focus_distance": null,
        "iso_noise": 0.0,
        "sensor_noise": null
      },
      {
        "transform_matrix": [
          [
            -0.5815297985463305,
            0.288785821544173,
            -0.7605431234832917,
            -1.2551948556603307
          ],
          [
            -0.8135251031177,
            -0.20643193428454343,
            0.5436568431509693,
            0.8972473114243119
          ],
          [
            0.0,
            0.9348735774331196,
            0.3549808364086729,
            0.5858577981449021
          ],
          [
            0.0,
            0.0,
            0.0,
            1.0
          ]
        ],
        "intrinsics": {
          "resolution": [
            640,
            480
          ],
          "fov": 60.0,
          "intrinsics": {
            "k_matrix": null,
            "focal_length_x": null,
            "focal_length_y": null,
            "focal_length": null,
            "principal_point_x": null,
            "principal_point_y": null,
            "sensor_width_mm": null,
            "focal_length_mm": null,
            "k1": 0.0,
            "k2": 0.0,
            "k3": 0.0,
            "p1": 0.0,
            "p2": 0.0
          }
        },
        "velocity": null,
        "shutter_time_ms": 10.0,
        "fstop": null,
        "focus_distance": null,
        "iso_noise": 0.0,
        "sensor_noise": null
      },
      {
        "transform_matrix": [
          [
            0.7424692174151833,
            0.3868296436710343,
            -0.5469024483106889,
            -0.8652765707197564
          ],
          [
            -0.6698801842052691,
            0.42874697532688705,
            -0.6061654641739006,
            -0.9590389945213397
          ],
          [
            0.0,
            0.8164183106259844,
            0.5774609441984918,
            0.913624407906857
          ],
          [
            0.0,
            0.0,
            0.0,
            1.0
          ]
        ],
        "intrinsics": {
          "resolution": [
            640,
            480
          ],
          "fov": 60.0,
          "intrinsics": {
            "k_matrix": null,
            "focal_length_x": null,
            "focal_length_y": null,
            "focal_length": null,
            "principal_point_x": null,
            "principal_point_y": null,
            "sensor_width_mm": null,
            "focal_length_mm": null,
            "k1": 0.0,
            "k2": 0.0,
            "k3": 0.0,
            "p1": 0.0,
            "p2": 0.0
          }
        },
        "velocity": null,
        "shutter_time_ms": 10.0,
        "fstop": null,
        "focus_distance": null,
        "iso_noise": 0.0,
        "sensor_noise": null
      },
      {
        "transform_matrix": [
          [
            -0.03080731845508802,
            0.30945172066015775,
            -0.9504159835093654,
            -0.8934406139742017
          ],
          [
            -0.9995253419146545,
            -0.009537904948553508,
            0.02929367234720777,
            0.027537580450624335
          ],
          [
            0.0,
            0.9508673203710705,
            0.3095986741740667,
            0.29103890753006395
          ],
          [
            0.0,
            0.0,
            0.0,
            1.0
          ]
        ],
        "intrinsics": {
          "resolution": [
            640,
            480
          ],
          "fov": 60.0,
          "intrinsics": {
            "k_matrix": null,
            "focal_length_x": null,
            "focal_length_y": null,
            "focal_length": null,
            "principal_point_x": null,
            "principal_point_y": null,
            "sensor_width_mm": null,
            "focal_length_mm": null,
            "k1": 0.0,
            "k2": 0.0,
            "k3": 0.0,
            "p1": 0.0,
            "p2": 0.0
          }
        },
        "velocity": null,
        "shutter_time_ms": 10.0,
        "fstop": null,
        "focus_distance": null,
        "iso_noise": 0.0,
        "sensor_noise": null
      },
      {
        "transform_matrix": [
          [
            0.49785151204570044,
            0.7019329985455064,
            -0.509346578968313,
            -0.5347289805534186
          ],
          [
            -0.8672622855594551,
            0.4029443116567943,
            -0.2923901669851817,
            -0.30696092282099474
          ],
          [
            0.0,
            0.5873039649588162,
            0.8093664514567265,
            0.8496998219919676
          ],
          [
            0.0,
            0.0,
            0.0,
            1.0
          ]
        ],
        "intrinsics": {
          "resolution": [
            640,
            480
          ],
          "fov": 60.0,
          "intrinsics": {
            "k_matrix": null,
            "focal_length_x": null,
            "focal_length_y": null,
            "focal_length": null,
            "principal_point_x": null,
            "principal_point_y": null,
            "sensor_width_mm": null,
            "focal_length_mm": null,
            "k1": 0.0,
            "k2": 0.0,
            "k3": 0.0,
            "p1": 0.0,
            "p2": 0.0
          }
        },
        "velocity": null,
        "shutter_time_ms": 10.0,
        "fstop": null,
        "focus_distance": null,
        "iso_noise": 0.0,
        "sensor_noise": null
      },
      {
        "transform_matrix": [
          [
            -0.9356667743511577,
            -0.283022194187772,
            0.21077505775693342,
            0.322288584541226
          ],
          [
            0.3528848075155681,
            -0.7504274989049419,
            0.5588657097299616,
            0.8545415214413439
          ],
          [
            0.0,
            0.5972913916041418,
            0.8020243098033797,
            1.2263466195903923
          ],
          [
            0.0,
            0.0,
            0.0,
            1.0
          ]
        ],
        "intrinsics": {
          "resolution": [
            640,
            480
          ],
          "fov": 60.0,
          "intrinsics": {
            "k_matrix": null,
            "focal_length_x": null,
            "focal_length_y": null,
            "focal_length": null,
            "principal_point_x": null,
            "principal_point_y": null,
            "sensor_width_mm": null,
            "focal_length_mm": null,
            "k1": 0.0,
            "k2": 0.0,
            "k3": 0.0,
            "p1": 0.0,
            "p2": 0.0
          }
        },
        "velocity": null,
        "shutter_time_ms": 10.0,
        "fstop": null,
        "focus_distance": null,
        "iso_noise": 0.0,
        "sensor_noise": null
      },
      {
        "transform_matrix": [
          [
            0.9150373121262227,
            0.3144027080853468,
            -0.25270072133933036,
            -0.3700204142934526
          ],
          [
            -0.4033692073235359,
            0.7132180734382868,
            -0.5732479937201358,
            -0.8393860492562109
          ],
          [
            0.0,
            0.6264749930121543,
            0.7794415200195722,
            1.1413076805898001
          ],
          [
            0.0,
            0.0,
            0.0,
            1.0
          ]
        ],
        "intrinsics": {
          "resolution": [
            640,
            480
          ],
          "fov": 60.0,
          "intrinsics": {
            "k_matrix": null,
            "focal_length_x": null,
            "focal_length_y": null,
            "focal_length": null,
            "principal_point_x": null,
            "principal_point_y": null,
            "sensor_width_mm": null,
            "focal_length_mm": null,
            "k1": 0.0,
            "k2": 0.0,
            "k3": 0.0,
            "p1": 0.0,
            "p2": 0.0
          }
        },
        "velocity": null,
        "shutter_time_ms": 10.0,
        "fstop": null,
        "focus_distance": null,
        "iso_noise": 0.0,
        "sensor_noise": null
      }
    ]
  },
  {
    "scene_id": 1,
    "world": {
      "background_hdri": "assets/hdri/studio.exr",
      "lighting": {
        "intensity": 237.13521916419978,
        "color": [
          1.0,
          1.0,
          1.0
        ],
        "radius": 0.0
      },
      "texture_path": "assets/textures/white.png",
      "texture_scale": 1.0,
      "texture_rotation": 1.223334387356538,
      "use_nodes": true
    },
    "objects": [
      {
        "type": "TAG",
        "name": "Tag_0",
        "location": [
          -0.125,
          -0.125,
          0.002
        ],
        "rotation_euler": [
          0.0,
          0.0,
          0.0
        ],
        "scale": [
          1.0,
          1.0,
          1.0
        ],
        "properties": {
          "tag_id": 0,
          "tag_family": "tag36h11",
          "tag_size": 0.1,
          "texture_base_path": null
        },
        "material": null,
        "texture_path": null
      },
      {
        "type": "TAG",
        "name": "Tag_1",
        "location": [
          0.0,
          -0.125,
          0.002
        ],
        "rotation_euler": [
          0.0,
          0.0,
          0.0
        ],
        "scale": [
          1.0,
          1.0,
          1.0
        ],
        "properties": {
          "tag_id": 1,
          "tag_family": "tag36h11",
          "tag_size": 0.1,
          "texture_base_path": null
        },
        "material": null,
        "texture_path": null
      },
      {
        "type": "TAG",
        "name": "Tag_2",
        "location": [
          0.125,
          -0.125,
          0.002
        ],
        "rotation_euler": [
          0.0,
          0.0,
          0.0
        ],
        "scale": [
          1.0,
          1.0,
          1.0
        ],
        "properties": {
          "tag_id": 2,
          "tag_family": "tag36h11",
          "tag_size": 0.1,
          "texture_base_path": null
        },
        "material": null,
        "texture_path": null
      },
      {
        "type": "BOARD",
        "name": "Board_Background",
        "location": [
          0.0,
          0.0,
          -0.005
        ],
        "rotation_euler": [
          0.0,
          0.0,
          0.0
        ],
        "scale": [
          1.0,
          1.0,
          1.0
        ],
        "properties": {
          "mode": "plain",
          "cols": 3,
          "rows": 3,
          "tag_size": 0.1,
          "square_size": 0.125
        },
        "material": null,
        "texture_path": null
      }
    ],
    "cameras": [
      {
        "transform_matrix": [
          [
            -0.6363052843138446,
            0.5914896056859338,
            -0.4952329063377917,
            -0.6800601230103073
          ],
          [
            -0.7714373501161824,
            -0.4878788428613017,
            0.40848335282363696,
            0.5609345332545941
          ],
          [
            0.0,
            0.6419612769114784,
            0.7667370598491925,
            1.052893078316457
          ],
          [
            0.0,
            0.0,
            0.0,
            1.0
          ]
        ],
        "intrinsics": {
          "resolution": [
            640,
            480
          ],
          "fov": 60.0,
          "intrinsics": {
            "k_matrix": null,
            "focal_length_x": null,
            "focal_length_y": null,
            "focal_length": null,
            "principal_point_x": null,
            "principal_point_y": null,
            "sensor_width_mm": null,
            "focal_length_mm": null,
            "k1": 0.0,
            "k2": 0.0,
            "k3": 0.0,
            "p1": 0.0,
            "p2": 0.0
          }
        },
        "velocity": null,
        "shutter_time_ms": 10.0,
        "fstop": null,
        "focus_distance": null,
        "iso_noise": 0.0,
        "sensor_noise": null
      },
      {
        "transform_matrix": [
          [
            -0.6658488176196868,
            -0.6286727070616371,
            0.40176607555922145,
            0.4327094100092955
          ],
          [
            0.7460866920636402,
            -0.5610621166676066,
            0.35855815311606,
            0.38617368744465635
          ],
          [
            0.0,
            0.5384978445975972,
            0.8426268873966354,
            0.9075245658704758
          ],
          [
            0.0,
            0.0,
            0.0,
            1.0
          ]
        ],
        "intrinsics": {
          "resolution": [
            640,
            480
          ],
          "fov": 60.0,
          "intrinsics": {
            "k_matrix": null,
            "focal_length_x": null,
            "focal_length_y": null,
            "focal_length": null,
            "principal_point_x": null,
            "principal_point_y": null,
            "sensor_width_mm": null,
            "focal_length_mm": null,
            "k1": 0.0,
            "k2": 0.0,
            "k3": 0.0,
            "p1": 0.0,
            "p2": 0.0
          }
        },
        "velocity": null,
        "shutter_time_ms": 10.0,
        "fstop": null,
        "focus_distance": null,
        "iso_noise": 0.0,
        "sensor_noise": null
      },
      {
        "transform_matrix": [
          [
            0.86042331493962,
            0.32788064059267974,
            -0.390084612145685,
            -0.24621988913434012
          ],
          [
            -0.5095799437853844,
            0.5536249044410904,
            -0.6586560149837531,
            -0.41574111343412523
          ],
          [
            0.0,
            0.7655022865459825,
            0.6434331739138669,
            0.40613251539197215
          ],
          [
            0.0,
            0.0,
            0.0,
            1.0
          ]
        ],
        "intrinsics": {
          "resolution": [
            640,
            480
          ],
          "fov": 60.0,
          "intrinsics": {
            "k_matrix": null,
            "focal_length_x": null,
            "focal_length_y": null,
            "focal_length": null,
            "principal_point_x": null,
            "principal_point_y": null,
            "sensor_width_mm": null,
            "focal_length_mm": null,
            "k1": 0.0,
            "k2": 0.0,
            "k3": 0.0,
            "p1": 0.0,
            "p2": 0.0
          }
        },
        "velocity": null,
        "shutter_time_ms": 10.0,
        "fstop": null,
        "focus_distance": null,
        "iso_noise": 0.0,
        "sensor_noise": null
      },
      {
        "transform_matrix": [
          [
            0.07256076737310853,
            -0.6453383045346561,
            0.7604429023526758,
            1.2852427393637758
          ],
          [
            0.9973639932533286,
            0.04695000311726882,
            -0.055324155384992725,
            -0.09350467839203844
          ],
          [
            -0.0,
            0.7624527329006199,
            0.6470439166643761,
            1.093584401103015
          ],
          [
            0.0,
            0.0,
            0.0,
            1.0
          ]
        ],
        "intrinsics": {
          "resolution": [
            640,
            480
          ],
          "fov": 60.0,
          "intrinsics": {
            "k_matrix": null,
            "focal_length_x": null,
            "focal_length_y": null,
            "focal_length": null,
            "principal_point_x": null,
            "principal_point_y": null,
            "sensor_width_mm": null,
            "focal_length_mm": null,
            "k1": 0.0,
            "k2": 0.0,
            "k3": 0.0,
            "p1": 0.0,
            "p2": 0.0
          }
        },
        "velocity": null,
        "shutter_time_ms": 10.0,
        "fstop": null,
        "focus_distance": null,
        "iso_noise": 0.0,
        "sensor_noise": null
      },
      {
        "transform_matrix": [
          [
            -0.0698408593737359,
            0.42143911772703185,
            -0.9041633283933821,
            -0.8870722127607347
          ],
          [
            -0.9975581458551367,
            -0.02950571881755678,
            0.06330211840942787,
            0.06210553833196607
          ],
          [
            0.0,
            0.9063765677722038,
            0.42247072962926047,
            0.4144848980159248
          ],
          [
            0.0,
            0.0,
            0.0,
            1.0
          ]
        ],
        "intrinsics": {
          "resolution": [
            640,
            480
          ],
          "fov": 60.0,
          "intrinsics": {
            "k_matrix": null,
            "focal_length_x": null,
            "focal_length_y": null,
            "focal_length": null,
            "principal_point_x": null,
            "principal_point_y": null,
            "sensor_width_mm": null,
            "focal_length_mm": null,
            "k1": 0.0,
            "k2": 0.0,
            "k3": 0.0,
            "p1": 0.0,
            "p2": 0.0
          }
        },
        "velocity": null,
        "shutter_time_ms": 10.0,
        "fstop": null,
        "focus_distance": null,
        "iso_noise": 0.0,
        "sensor_noise": null
      },
      {
        "transform_matrix": [
          [
            0.9842027000451532,
            -0.0878077601997595,
            0.1537362757208974,
            0.08707457836943973
          ],
          [
            0.17704531968914133,
            0.48812719153072903,
            -0.8546267019374557,
            -0.48405140156750515
          ],
          [
            -0.0,
            0.8683441956603525,
            0.495962052845755,
            0.28090758954762207
          ],
          [
            0.0,
            0.0,
            0.0,
            1.0
          ]
        ],
        "intrinsics": {
          "resolution": [
            640,
            480
          ],
          "fov": 60.0,
          "intrinsics": {
            "k_matrix": null,
            "focal_length_x": null,
            "focal_length_y": null,
            "focal_length": null,
            "principal_point_x": null,
            "principal_point_y": null,
            "sensor_width_mm": null,
            "focal_length_mm": null,
            "k1": 0.0,
            "k2": 0.0,
            "k3": 0.0,
            "p1": 0.0,
            "p2": 0.0
          }
        },
        "velocity": null,
        "shutter_time_ms": 10.0,
        "fstop": null,
        "focus_distance": null,
        "iso_noise": 0.0,
        "sensor_noise": null
      },
      {
        "transform_matrix": [
          [
            -0.9954995060108031,
            -0.0706767271890895,
            0.06313108399264185,
            0.044816980770057385
          ],
          [
            0.09476673220200739,
            -0.7424403624387982,
            0.6631753724992347,
            0.47079055255788094
          ],
          [
            0.0,
            0.6661734822518717,
            0.7457968165287481,
            0.5294438091485114
          ],
          [
            0.0,
            0.0,
            0.0,
            1.0
          ]
        ],
        "intrinsics": {
          "resolution": [
            640,
            480
          ],
          "fov": 60.0,
          "intrinsics": {
            "k_matrix": null,
            "focal_length_x": null,
            "focal_length_y": null,
            "focal_length": null,
            "principal_point_x": null,
            "principal_point_y": null,
            "sensor_width_mm": null,
            "focal_length_mm": null,
            "k1": 0.0,
            "k2": 0.0,
            "k3": 0.0,
            "p1": 0.0,
            "p2": 0.0
          }
        },
        "velocity": null,
        "shutter_time_ms": 10.0,
        "fstop": null,
        "focus_distance": null,
        "iso_noise": 0.0,
        "sensor_noise": null
      },
      {
        "transform_matrix": [
          [
            0.9978121985353617,
            0.04307153927925751,
            -0.05015634514339396,
            -0.09786010872330343
          ],
          [
            -0.06611215057784675,
            0.6500666961655187,
            -0.7569956896062349,
            -1.4769752516087222
          ],
          [
            0.0,
            0.758655477170344,
            0.6514920313859851,
            1.2711269300330077
          ],
          [
            0.0,
            0.0,
            0.0,
            1.0
          ]
        ],
        "intrinsics": {
          "resolution": [
            640,
            480
          ],
          "fov": 60.0,
          "intrinsics": {
            "k_matrix": null,
            "focal_length_x": null,
            "focal_length_y": null,
            "focal_length": null,
            "principal_point_x": null,
            "principal_point_y": null,
            "sensor_width_mm": null,
            "focal_length_mm": null,
            "k1": 0.0,
            "k2": 0.0,
            "k3": 0.0,
            "p1": 0.0,
            "p2": 0.0
          }
        },
        "velocity": null,
        "shutter_time_ms": 10.0,
        "fstop": null,
        "focus_distance": null,
        "iso_noise": 0.0,
        "sensor_noise": null
      },
      {
        "transform_matrix": [
          [
            -0.975182909378622,
            0.12139950737553165,
            -0.18514981194920177,
            -0.161719505018871
          ],
          [
            -0.2214007526090337,
            -0.5347169031925503,
            0.8155118271271867,
            0.7123105750505858
          ],
          [
            0.0,
            0.8362655039215401,
            0.5483247276485467,
            0.47893542321965354
          ],
          [
            0.0,
            0.0,
            0.0,
            1.0
          ]
        ],
        "intrinsics": {
          "resolution": [
            640,
            480
          ],
          "fov": 60.0,
          "intrinsics": {
            "k_matrix": null,
            "focal_length_x": null,
            "focal_length_y": null,
            "focal_length": null,
            "principal_point_x": null,
            "principal_point_y": null,
            "sensor_width_mm": null,
            "focal_length_mm": null,
            "k1": 0.0,
            "k2": 0.0,
            "k3": 0.0,
            "p1": 0.0,
            "p2": 0.0
          }
        },
        "velocity": null,
        "shutter_time_ms": 10.0,
        "fstop": null,
        "focus_distance": null,
        "iso_noise": 0.0,
        "sensor_noise": null
      },
      {
        "transform_matrix": [
          [
            -0.5173833252559817,
            0.36407782250973886,
            -0.7744429184282273,
            -0.4203431547641319
          ],
          [
            -0.8557537582430258,
            -0.22011915536168897,
            0.4682233043066028,
            0.2541368203944183
          ],
          [
            0.0,
            0.9049833681341463,
            0.425446945459215,
            0.23091916393533876
          ],
          [
            0.0,
            0.0,
            0.0,
            1.0
          ]
        ],
        "intrinsics": {
          "resolution": [
            640,
            480
          ],
          "fov": 60.0,
          "intrinsics": {
            "k_matrix": null,
            "focal_length_x": null,
            "focal_length_y": null,
            "focal_length": null,
            "principal_point_x": null,
            "principal_point_y": null,
            "sensor_width_mm": null,
            "focal_length_mm": null,
            "k1": 0.0,
            "k2": 0.0,
            "k3": 0.0,
            "p1": 0.0,
            "p2": 0.0
          }
        },
        "velocity": null,
        "shutter_time_ms": 10.0,
        "fstop": null,
        "focus_distance": null,
        "iso_noise": 0.0,
        "sensor_noise": null
      }
    ]
  }
]