[
  {
    "scene_id": 0,
    "world": {
      "background_hdri": "assets/hdri/studio.exr",
      "lighting": {
        "intensity": 150.44483216697023,
        "color": [
          1.0,
          1.0,
          1.0
        ],
        "radius": 0.0
      },
      "texture_path": "assets/textures/white.png",
      "texture_scale": 1.0,
      "texture_rotation": 1.7280601722204667,
      "use_nodes": true
    },
    "objects": [
      {
        "type": "TAG",
        "name": "Tag_0",
        "location": [
          -0.125,
          -0.125,
          0.002
        ],
        "rotation_euler": [
          0.0,
          0.0,
          0.0
        ],
        "scale": [
          1.0,
          1.0,
          1.0
        ],
        "properties": {
          "tag_id": 0,
          "tag_family": "tag36h11",
          "tag_size": 0.1,
          "texture_base_path": null
        },
        "material": null,
        "texture_path": null
      },
      {
        "type": "BOARD",
        "name": "Board_Background",
        "location": [
          0.0,
          0.0,
          -0.005
        ],
        "rotation_euler": [
          0.0,
          0.0,
          0.0
        ],
        "scale": [
          1.0,
          1.0,
          1.0
        ],
        "properties": {
          "mode": "plain",
          "cols": 3,
          "rows": 3,
          "tag_size": 0.1,
          "square_size": 0.125
        },
        "material": null,
        "texture_path": null
      }
    ],
    "cameras": [
      {
        "transform_matrix": [
          [
            0.993607013953309,
            0.09826634413988106,
            -0.055577220443014504,
            -0.05901245834640632
          ],
          [
            -0.1128942063295941,
            0.8648639460547816,
            -0.48914747570826017,
            -0.5193817683826187
          ],
          [
            0.0,
            0.49229470891320215,
            0.8704285838459498,
            0.92422992978568
          ],
          [
            0.0,
            0.0,
            0.0,
            1.0
          ]
        ],
        "intrinsics": {
          "resolution": [
            640,
            480
          ],
          "fov": 60.0,
          "intrinsics": {
            "k_matrix": null,
            "focal_length_x": null,
            "focal_length_y": null,
            "focal_length": null,
            "principal_point_x": null,
            "principal_point_y": null,
            "sensor_width_mm": null,
            "focal_length_mm": null,
            "k1": 0.0,
            "k2": 0.0,
            "k3": 0.0,
            "p1": 0.0,
            "p2": 0.0
          }
        },
        "velocity": null,
        "shutter_time_ms": 10.0,
        "fstop": null,
        "focus_distance": null,
        "iso_noise": 0.0
      },
      {
        "transform_matrix": [
          [
            -0.8305767256191272,
            -0.21920372694365178,
            0.5119492445094747,
            0.7156987603105276
          ],
          [
            0.556904213361516,
            -0.3269242885942743,
            0.7635300954561769,
            1.0674057021050087
          ],
          [
            0.0,
            0.9192770178902225,
            0.39361118426546193,
            0.5502636045357738
          ],
          [
            0.0,
            0.0,
            0.0,
            1.0
          ]
        ],
        "intrinsics": {
          "resolution": [
            640,
            480
          ],
          "fov": 60.0,
          "intrinsics": {
            "k_matrix": null,
            "focal_length_x": null,
            "focal_length_y": null,
            "focal_length": null,
            "principal_point_x": null,
            "principal_point_y": null,
            "sensor_width_mm": null,
            "focal_length_mm": null,
            "k1": 0.0,
            "k2": 0.0,
            "k3": 0.0,
            "p1": 0.0,
            "p2": 0.0
          }
        },
        "velocity": null,
        "shutter_time_ms": 10.0,
        "fstop": null,
        "focus_distance": null,
        "iso_noise": 0.0
      },
      {
        "transform_matrix": [
          [
            0.5934386130800207,
            0.659764101710049,
            -0.46102271375756954,
            -0.270678153638723
          ],
          [
            -0.8048792533701323,
            0.4864450063030114,
            -0.3399126995821158,
            -0.19957138591141782
          ],
          [
            0.0,
            0.5727849386441614,
            0.8197056874649611,
            0.4812700445966537
          ],
          [
            0.0,
            0.0,
            0.0,
            1.0
          ]
        ],
        "intrinsics": {
          "resolution": [
            640,
            480
          ],
          "fov": 60.0,
          "intrinsics": {
            "k_matrix": null,
            "focal_length_x": null,
            "focal_length_y": null,
            "focal_length": null,
            "principal_point_x": null,
            "principal_point_y": null,
            "sensor_width_mm": null,
            "focal_length_mm": null,
            "k1": 0.0,
            "k2": 0.0,
            "k3": 0.0,
            "p1": 0.0,
            "p2": 0.0
          }
        },
        "velocity": null,
        "shutter_time_ms": 10.0,
        "fstop": null,
        "focus_distance": null,
        "iso_noise": 0.0
      },
      {
        "transform_matrix": [
          [
            0.1879376672917552,
            -0.30678490623029553,
            0.9330393638653208,
            1.4575090632686105
          ],
          [
            0.9821809574680898,
            0.058702461291726696,
            -0.17853455638996002,
            -0.27889041354804867
          ],
          [
            -0.0,
            0.9499668638155556,
            0.3123506965774815,
            0.48792579264175234
          ],
          [
            0.0,
            0.0,
            0.0,
            1.0
          ]
        ],
        "intrinsics": {
          "resolution": [
            640,
            480
          ],
          "fov": 60.0,
          "intrinsics": {
            "k_matrix": null,
            "focal_length_x": null,
            "focal_length_y": null,
            "focal_length": null,
            "principal_point_x": null,
            "principal_point_y": null,
            "sensor_width_mm": null,
            "focal_length_mm": null,
            "k1": 0.0,
            "k2": 0.0,
            "k3": 0.0,
            "p1": 0.0,
            "p2": 0.0
          }
        },
        "velocity": null,
        "shutter_time_ms": 10.0,
        "fstop": null,
        "focus_distance": null,
        "iso_noise": 0.0
      },
      {
        "transform_matrix": [
          [
            -0.9096497052716458,
            -0.17753324120825426,
            0.3755254478265085,
            0.6566678171279438
          ],
          [
            0.4153762315048948,
            -0.388787437249176,
            0.8223788147429444,
            1.4380641957958782
          ],
          [
            0.0,
            0.9040609918049278,
            0.4274034664069656,
            0.7473850385980859
          ],
          [
            0.0,
            0.0,
            0.0,
            1.0
          ]
        ],
        "intrinsics": {
          "resolution": [
            640,
            480
          ],
          "fov": 60.0,
          "intrinsics": {
            "k_matrix": null,
            "focal_length_x": null,
            "focal_length_y": null,
            "focal_length": null,
            "principal_point_x": null,
            "principal_point_y": null,
            "sensor_width_mm": null,
            "focal_length_mm": null,
            "k1": 0.0,
            "k2": 0.0,
            "k3": 0.0,
            "p1": 0.0,
            "p2": 0.0
          }
        },
        "velocity": null,
        "shutter_time_ms": 10.0,
        "fstop": null,
        "focus_distance": null,
        "iso_noise": 0.0
      },
      {
        "transform_matrix": [
          [
            0.15492273883096372,
            0.4767193774265225,
            -0.865296238394217,
            -0.6706969679181756
          ],
          [
            -0.9879265888683799,
            0.07475724657770935,
            -0.13569233246947507,
            -0.10517604482588741
          ],
          [
            0.0,
            0.875870988941972,
            0.48254534577572256,
            0.3740241618239395
          ],
          [
            0.0,
            0.0,
            0.0,
            1.0
          ]
        ],
        "intrinsics": {
          "resolution": [
            640,
            480
          ],
          "fov": 60.0,
          "intrinsics": {
            "k_matrix": null,
            "focal_length_x": null,
            "focal_length_y": null,
            "focal_length": null,
            "principal_point_x": null,
            "principal_point_y": null,
            "sensor_width_mm": null,
            "focal_length_mm": null,
            "k1": 0.0,
            "k2": 0.0,
            "k3": 0.0,
            "p1": 0.0,
            "p2": 0.0
          }
        },
        "velocity": null,
        "shutter_time_ms": 10.0,
        "fstop": null,
        "focus_distance": null,
        "iso_noise": 0.0
      },
      {
        "transform_matrix": [
          [
            0.6463509675019145,
            0.3622438097140701,
            -0.6715726685424115,
            -0.7709100375208369
          ],
          [
            -0.763040252417485,
            0.3068470321696274,
            -0.5688712262360899,
            -0.6530172517503117
          ],
          [
            0.0,
            0.8801274459829829,
            0.47473748411882516,
            0.5449594792011382
          ],
          [
            0.0,
            0.0,
            0.0,
            1.0
          ]
        ],
        "intrinsics": {
          "resolution": [
            640,
            480
          ],
          "fov": 60.0,
          "intrinsics": {
            "k_matrix": null,
            "focal_length_x": null,
            "focal_length_y": null,
            "focal_length": null,
            "principal_point_x": null,
            "principal_point_y": null,
            "sensor_width_mm": null,
            "focal_length_mm": null,
            "k1": 0.0,
            "k2": 0.0,
            "k3": 0.0,
            "p1": 0.0,
            "p2": 0.0
          }
        },
        "velocity": null,
        "shutter_time_ms": 10.0,
        "fstop": null,
        "focus_distance": null,
        "iso_noise": 0.0
      },
      {
        "transform_matrix": [
          [
            -0.7444250219304752,
            0.3173518708158065,
            -0.587468447504646,
            -0.4166565863828497
          ],
          [
            -0.6677060631174555,
            -0.35381537841476296,
            0.6549681605035519,
            0.46453013622098593
          ],
          [
            0.0,
            0.8798309315356704,
            0.4752867891211308,
            0.33709277825769457
          ],
          [
            0.0,
            0.0,
            0.0,
            1.0
          ]
        ],
        "intrinsics": {
          "resolution": [
            640,
            480
          ],
          "fov": 60.0,
          "intrinsics": {
            "k_matrix": null,
            "focal_length_x": null,
            "focal_length_y": null,
            "focal_length": null,
            "principal_point_x": null,
            "principal_point_y": null,
            "sensor_width_mm": null,
            "focal_length_mm": null,
            "k1": 0.0,
            "k2": 0.0,
            "k3": 0.0,
            "p1": 0.0,
            "p2": 0.0
          }
        },
        "velocity": null,
        "shutter_time_ms": 10.0,
        "fstop": null,
        "focus_distance": null,
        "iso_noise": 0.0
      },
      {
        "transform_matrix": [
          [
            -0.9504211307793976,
            -0.2397873948870461,
            0.19799413986604478,
            0.23444584629868134
          ],
          [
            0.3109657122063638,
            -0.7328750342865884,
            0.6051400746533158,
            0.7165493737710084
          ],
          [
            0.0,
            0.6367073027480645,
            0.7711055768358082,
            0.9130699508036672
          ],
          [
            0.0,
            0.0,
            0.0,
            1.0
          ]
        ],
        "intrinsics": {
          "resolution": [
            640,
            480
          ],
          "fov": 60.0,
          "intrinsics": {
            "k_matrix": null,
            "focal_length_x": null,
            "focal_length_y": null,
            "focal_length": null,
            "principal_point_x": null,
            "principal_point_y": null,
            "sensor_width_mm": null,
            "focal_length_mm": null,
            "k1": 0.0,
            "k2": 0.0,
            "k3": 0.0,
            "p1": 0.0,
            "p2": 0.0
          }
        },
        "velocity": null,
        "shutter_time_ms": 10.0,
        "fstop": null,
        "focus_distance": null,
        "iso_noise": 0.0
      },
      {
        "transform_matrix": [
          [
            -0.2877307596276625,
            -0.6277306920743035,
            0.7233015886834511,
            0.9195706737321868
          ],
          [
            0.9577113395820728,
            -0.18859276423620056,
            0.21730568173349854,
            0.2762719386822182
          ],
          [
            0.0,
            0.7552396622964559,
            0.6554487413172255,
            0.8333058437588708
          ],
          [
            0.0,
            0.0,
            0.0,
            1.0
          ]
        ],
        "intrinsics": {
          "resolution": [
            640,
            480
          ],
          "fov": 60.0,
          "intrinsics": {
            "k_matrix": null,
            "focal_length_x": null,
            "focal_length_y": null,
            "focal_length": null,
            "principal_point_x": null,
            "principal_point_y": null,
            "sensor_width_mm": null,
            "focal_length_mm": null,
            "k1": 0.0,
            "k2": 0.0,
            "k3": 0.0,
            "p1": 0.0,
            "p2": 0.0
          }
        },
        "velocity": null,
        "shutter_time_ms": 10.0,
        "fstop": null,
        "focus_distance": null,
        "iso_noise": 0.0
      }
    ]
  }
]